Year	YrLab	Period	'Situk'	'Alsek'	'Taku'	'Stikine'	'Chilkat'	'Ksalmon'	'Andrew'	'Unuk'	'Chickamin'	'Blossom'	'Keta'	'Yakuon'	'Nass'	'Skeena'	'Kitsumkalum'	'Wannock'	'ChuckKill'	'WCVI'	'Marble'	'Burman'	'Tahsis'	'Artlish'	'Kaouk'	'Tahsish'	'Cowichan'	'Nanaimo'	'FraserSp13'	'FraserSp12'	'Nicola12'	'FraserSum13'	'FraserSum03'	'Shuswap04'	'Harrison'	'SkagitSp'	'SkagitSF'	'Stillaguamish'	'Snohomish'	'Green'	'NooksackSp'	'LkWash'	'Hoko'	'QuillSum'	'QuillFall'	'HohSpSum'	'HohFall'	'QueetsSpSum'	'QueetsFa'	'GraysHbrSpr'	'GraysHbrFall'	'ColRUpSpr'	'ColRSum'	'ColRURB'	'Coweeman'	'Lewis'	'Deschutes'	'Nehalem'	'Siletz'	'Siuslaw'	'Umpqua'	'Coquillle'	'Dean '	'Atnarko'	'UpperGeo'
1975	75	1975-84	NA	NA	12920	7571	NA	64	507	NA	1658	565	611	1500	NA	20319	NA	3000	150	NA	400	200	75	25	75	25	NA	NA	6673	8360	NA	16043	41067	NA	NA	NA	11320	1198	3953	3394	NA	918	NA	NA	NA	NA	NA	NA	NA	NA	4251	NA	NA	29600	94	13859	NA	5197	2062	4427	211	4408	NA	NA	20949
1976	76	1975-84	1421	5282	24582	5723	NA	99	404	NA	437	263	253	700	NA	13078	NA	1500	100	NA	400	400	200	25	25	25	NA	NA	7875	5575	NA	11849	6320	NA	NA	NA	14120	2140	4659	3140	NA	582	NA	1300	NA	600	2500	505	1200	600	1836	NA	NA	27700	74	3371	NA	9807	1326	7999	135	1980	NA	NA	22298
1977	77	1975-84	1732	12706	29497	11445	NA	204	456	4706	1078	433	692	800	13688	29018	NA	1400	550	NA	950	500	150	60	75	100	NA	NA	9786	4458	NA	15670	26374	NA	NA	NA	9218	1475	5542	3804	NA	944	NA	3800	NA	1000	2100	732	3600	800	5195	NA	NA	36060	86	6930	7903	11478	3314	9492	229	3922	NA	NA	23570
1978	78	1975-84	808	12034	17124	6835	NA	87	388	5344	860	553	1180	600	15485	22661	NA	2000	500	NA	1500	1000	100	NA	50	50	NA	NA	13150	5209	NA	16415	24211	NA	NA	NA	13075	1232	7905	3304	NA	1245	NA	2300	NA	1400	1900	1110	2200	1000	4555	NA	NA	25798	62	5363	5393	12059	2062	5872	437	3543	3500	NA	17572
1979	79	1975-84	1284	17354	21617	12610	NA	134	327	2783	665	209	1282	400	11253	18488	NA	2000	50	NA	750	650	348	40	60	200	NA	NA	12999	3437	NA	8950	25471	NA	NA	NA	13306	1042	5726	9704	NA	1739	NA	2100	NA	1400	1700	870	3900	400	9381	NA	18797	28926	88	8023	5126	12205	7217	8040	392	3613	4000	NA	8858
1980	80	1975-84	905	10718	39239	30573	NA	106	282	4909	1240	344	578	600	13476	23429	NA	2000	1	NA	5000	345	NA	100	NA	200	NA	NA	14583	7460	NA	11883	10771	NA	NA	NA	20058	821	6526	7743	NA	1903	NA	964	6700	800	2200	1038	3200	200	11656	8906	13854	27708	56	16394	4106	5555	3680	10630	761	3599	2000	NA	5776
1981	81	1975-84	702	8587	49559	36057	NA	154	536	3532	1824	615	990	750	12625	24523	NA	3000	100	NA	3000	300	150	500	100	1000	5782	NA	10101	3718	NA	11992	16639	NA	NA	NA	8283	630	3330	3606	NA	970	NA	815	5963	1498	3100	988	4250	600	7577	14571	8639	19520	38	19297	6070	10752	4435	8724	972	3864	3500	NA	9611
1982	82	1975-84	434	9584	23848	40488	NA	394	672	6528	2712	1335	2270	1400	7959	17092	NA	750	950	NA	5000	NA	125	100	NA	1000	5034	NA	11718	6637	NA	12715	8079	NA	NA	NA	9910	773	4498	1840	NA	1189	NA	1126	7107	1553	4500	781	4150	610	5606	14322	6587	28313	73	8370	5513	5085	3415	10870	1104	5581	NA	NA	15091
1983	83	1975-84	592	10344	9794	6424	NA	245	366	5436	2736	2279	2474	600	13252	23562	NA	1750	1400	NA	1000	475	50	NA	300	500	4742	NA	22168	3264	NA	14634	9192	5396	NA	NA	8723	387	4537	3679	NA	1646	NA	548	3069	1696	2500	1044	2750	800	5482	14131	6334	45567	40	13540	5491	4431	2136	4186	1708	2871	500	NA	12977
1984	84	1975-84	1726	7213	20778	13995	NA	265	389	8876	5235	1966	1836	300	20967	37598	12408	750	575	NA	600	700	12	650	400	1500	5278	NA	27242	8068	NA	13550	15393	7582	120835	NA	12628	374	3484	3353	233	1610	NA	618	9128	1430	1900	958	4350	1128	21058	12537	13984	52266	164	7132	2779	20341	3461	11168	2851	4031	4500	NA	9292
1985	85	1985-98	1521	6087	35916	16037	NA	175	624	5721	4541	2744	1878	1500	17782	53599	8304	1300	340	NA	1250	500	50	400	300	1200	3675	NA	38601	11800	NA	16118	20059	10539	174776	NA	16002	1409	4730	2908	703	1255	NA	550	6145	978	1725	677	4150	1157	9537	19623	14505	74206	168	7491	7902	18670	6628	14822	2433	2838	4000	NA	13348
1986	86	1985-98	2067	11069	38111	14889	NA	255	1381	10273	7966	4946	2077	500	36523	59968	9109	7000	175	NA	1100	400	60	100	100	1000	2147	NA	46606	12604	NA	28568	31528	NA	162594	NA	17908	1277	4534	4792	396	1846	801	853	10006	1248	4981	925	7894	1795	13808	16878	14850	93051	124	11983	7467	10389	6748	14844	1644	4194	3300	NA	24804
1987	87	1985-98	1379	11276	28935	24632	NA	196	1537	9533	4631	5221	2312	2000	19540	59120	23657	4500	700	NA	1750	100	20	100	100	500	2519	NA	44668	6434	NA	21601	29833	NA	79036	NA	9409	1321	4689	10338	429	2652	581	666	12352	1710	4006	598	6557	841	19013	16492	13415	126153	86	12935	9187	13560	4577	17603	3094	5281	1144	NA	33135
1988	88	1985-98	868	8852	44524	37554	NA	208	1100	8437	3734	1486	1731	2000	15345	68705	22267	4000	375	NA	3275	400	125	70	65	400	6878	NA	35658	5501	NA	28914	40690	NA	35114	NA	11468	717	4513	7994	689	1015	686	2599	15168	2605	4128	1765	9494	3106	28158	16840	13634	98220	1108	12059	9548	14889	7805	41746	4310	6965	1300	NA	9142
1989	89	1985-98	637	10178	40329	24282	NA	240	1034	5552	4437	1331	3477	2800	28133	57202	17925	3000	48	NA	4181	700	500	40	30	450	5535	NA	27420	7794	NA	14492	32468	NA	74683	NA	6684	784	3173	11512	909	1234	775	2407	9951	4697	5148	2568	9324	2068	25677	10629	17484	83281	794	21199	6339	10389	4401	28279	7384	6046	2300	NA	46340
1990	90	1985-98	628	8775	52142	22619	NA	179	1295	2856	2679	995	1824	2000	24051	55976	17406	3500	120	NA	1973	1100	232	50	10	200	5626	NA	37612	4482	NA	27151	35383	NA	177373	NA	16521	842	4722	7035	152	974	378	1483	13711	3886	4236	1780	10569	1567	16995	12165	13432	49020	268	17506	2864	5104	4313	26799	4289	5676	2000	16710	13694
1991	91	1985-98	889	11667	51645	23206	5883	134	780	3165	2313	925	819	1900	6907	52753	9288	2000	125	NA	710	2500	1400	20	20	120	7408	NA	25127	6589	NA	19670	33817	NA	90636	NA	5824	1536	2800	10548	473	864	894	1188	6292	1078	1420	630	4795	1289	14392	7289	10191	40132	174	9066	5374	5557	5633	26100	8119	8473	2400	13906	25452
1992	92	1985-98	1595	5773	55889	34129	5277	99	1517	4223	1644	581	653	2000	16808	63392	12437	7500	550	NA	800	2000	1400	10	20	600	10250	NA	27531	8656	NA	22064	43185	NA	130409	986	7348	639	2708	5267	601	999	642	1009	6342	1018	4003	375	4911	1813	16592	15840	7706	41434	434	6307	3668	9060	6044	26090	8900	12396	3000	32862	17742
1993	93	1985-98	952	13917	66125	58962	4464	266	2067	5160	1848	1173	1090	1000	24814	66977	14059	8000	375	8299	2000	1750	500	10	20	250	7030	NA	29063	14450	NA	18984	17673	NA	118997	782	5801	719	4019	2476	684	307	775	1292	5254	1411	2280	713	3463	1254	13349	15633	12927	42515	350	7025	8809	5345	4342	10446	3794	6540	700	35430	4209
1994	94	1985-98	1271	15970	48368	33094	6793	213	1115	3435	1843	623	921	2000	21169	48712	12629	3500	300	7061	650	2200	300	100	150	250	6407	NA	48063	16440	NA	18156	37461	NA	98342	470	5549	773	3406	4078	163	1068	332	974	4932	1699	3967	705	4233	1403	14320	2467	12292	66645	556	9939	9556	6486	10475	23570	8667	6265	1300	28178	3992
1995	95	1985-98	4330	24772	33805	16784	3778	147	669	3730	2309	840	527	1500	7844	34390	7221	3000	100	4996	1386	335	415	90	266	600	16449	2300	40889	18000	10624	24100	28228	NA	28616	855	6877	775	3356	7939	520	1202	750	1333	5532	1132	2202	625	3127	2070	12727	1275	10623	50595	794	9718	9304	5194	5164	26715	12438	8006	1100	23420	5729
1996	96	1985-98	1800	15922	79019	28949	4910	292	653	5639	1587	851	894	3000	21842	73684	12776	2500	500	8699	3655	693	680	53	219	288	14595	1870	30670	26627	17777	34989	67443	NA	37392	1051	10613	1244	4851	6026	738	457	1227	1170	7316	1371	3022	776	4218	4462	20227	3960	9417	53049	2152	13971	10233	9211	7394	33051	10942	5944	2000	20767	4567
1997	97	1985-98	1878	12494	114938	26996	8095	362	571	2970	1292	511	740	2500	18702	42539	5342	4000	920	10615	2424	2224	687	402	558	523	9973	1772	33012	22251	9612	33906	59368	NA	70514	1041	4872	1156	4078	7101	797	385	768	890	5405	1826	1773	540	2872	4460	18168	5801	10063	50215	1328	8670	20208	10026	3726	22305	8879	6306	1400	11251	NA
1998	98	1985-98	924	6833	31039	25968	3657	134	950	4132	1857	364	446	3000	23213	46744	11065	3500	1780	19115	4821	3065	519	300	824	1430	5858	1800	25578	5105	1547	30759	86294	NA	200258	1086	14609	1544	6306	5963	527	869	1618	1599	6752	1287	4257	492	3815	2388	12529	7648	11225	42113	146	5929	15908	8245	5516	24708	1231	9269	3000	13470	NA
1999	99	1999-08	1461	14615	16786	19947	2258	304	1180	3914	2380	968	968	3200	11544	43775	9763	500	2163	14320	3985	2268	1606	539	453	879	6110	2371	17847	11409	8130	19039	75432	NA	104415	471	4924	1098	4791	7135	1111	992	1497	713	3334	928	1924	373	1794	1285	10363	3137	18588	43313	96	3184	7389	8063	4166	23963	1673	7952	1800	16549	NA
2000	00	1999-08	1785	7905	34997	27531	2029	138	1346	5872	3805	914	914	3600	18912	51804	14722	4500	2130	5774	2282	149	1220	75	105	391	6638	1446	21107	16002	8183	24854	53100	27800	77754	1021	16930	1645	6095	4473	1615	361	612	989	3730	492	1749	248	3114	3135	9385	9091	20218	60988	128	9820	4985	6855	6787	15730	2591	6252	1200	17352	NA
2001	01	1999-08	562	6705	46644	63523	4514	149	2055	10541	5177	789	1032	3500	29687	81504	23839	3000	1998	5879	1450	96	388	139	409	237	5015	2448	25248	18275	8984	25204	92123	35744	108502	1856	13793	1349	8166	6473	2629	1434	768	1225	5136	1159	2560	548	2872	2860	9492	49379	48844	84652	646	13886	12817	11662	10563	38717	5130	7692	NA	NA	NA
2002	02	1999-08	1000	5569	55044	50875	4035	155	1708	6988	5007	867	1237	3000	13773	44771	23849	2800	2200	9057	1958	440	658	41	251	308	4115	1747	36563	24477	12885	29458	124877	54219	83011	1076	19591	1588	7223	7564	4366	941	443	1002	6067	2464	4415	738	2419	2598	11841	31829	86825	116858	900	16380	11907	18089	14054	41058	10477	11052	NA	NA	NA
2003	03	1999-08	2163	5904	36435	46824	5631	119	1160	5546	4579	786	969	4000	26940	56758	23608	1000	900	10289	1554	571	656	379	358	440	3356	1672	43872	28740	14490	43548	88422	35591	246986	909	9777	988	5447	5864	3448	1010	863	1219	7398	1228	1649	189	4811	1904	19871	33661	81543	161005	1090	18505	13413	10906	11149	58998	10937	13361	NA	NA	NA
2004	04	1999-08	756	7083	75032	48900	3406	135	2991	3963	4268	734	1132	4500	15912	44243	25767	3000	950	18547	3658	2389	808	454	301	495	2721	550	28541	20427	10153	31254	65007	16963	139126	1622	23553	1506	10602	7947	1891	1371	866	1093	3831	1786	3211	604	4978	5034	31773	22608	62311	148212	1590	15342	10197	9975	3902	40033	11384	10586	NA	11825	NA
2005	05	1999-08	610	4390	38599	39833	3361	143	1979	4742	4257	926	1496	5000	14363	29067	15046	4500	1085	6442	2337	521	176	199	488	121	2467	1036	19967	8983	3248	19851	93687	17893	88589	1305	20803	1036	4480	2523	2279	1043	203	876	6406	1193	4180	298	4401	2130	19695	11912	54033	111148	753	11348	14937	8114	6631	17618	1632	2002	NA	11677	4798
2006	06	1999-08	747	2321	42296	24405	3003	150	2124	5645	6318	1270	2248	NA	24725	33094	12368	3000	930	12166	3071	404	124	228	536	76	1775	2135	20858	9601	5087	21149	179792	59085	60421	1896	20768	1254	8188	5790	1716	1597	845	553	5642	904	1535	330	2931	2481	17428	10273	61821	76252	566	10522	14223	4711	4108	28082	2461	2801	NA	19288	15614
2007	07	1999-08	677	2827	14749	14560	1438	181	1736	5668	4242	522	936	NA	21459	33352	15736	4500	500	7084	2764	158	131	162	193	234	2175	2267	10791	2474	1010	11023	87187	15926	76483	613	11281	607	3982	4301	1786	2309	462	502	3066	810	1556	352	768	652	13117	7301	28222	44962	251	3468	12721	4304	528	6764	2118	2098	NA	8229	6642
2008	08	1999-08	413	1885	26645	18352	2882	120	981	3104	5277	995	1093	NA	17862	32963	10374	5000	530	6036	2298	328	197	200	264	380	2015	2671	15373	11774	4411	17032	106587	14922	41603	1472	11664	1671	8373	5971	1714	1681	431	949	3612	671	2999	305	2971	996	15391	17846	38171	72713	424	5200	6908	3810	1203	11119	2236	5081	NA	7288	5664
2009	09	2009-17	902	6239	29797	12803	4406	109	628	3157	2902	476	659	NA	28710	38297	10703	3800	550	11466	3440	1500	780	214	550	80	785	1470	24318	2173	538	21104	86318	25288	70142	983	6955	1001	2309	688	2360	793	103	555	3130	880	2081	495	2960	1133	9290	15402	44295	84327	783	5410	6429	4070	2905	14094	3165	12308	NA	NA	11448
2010	10	2009-17	166	9526	28769	15116	1797	158	1205	3835	5491	1405	1430	NA	19341	43331	13712	4000	225	10566	3560	2825	380	110	185	355	2419	2201	15582	9406	5258	19324	175657	71354	103558	1361	8037	783	4299	2092	2596	729	319	772	4635	828	2599	259	3861	3495	18158	27687	47220	165726	421	8701	9275	5384	4225	22197	6853	32318	NA	NA	7955
2011	11	2009-17	240	6850	27523	14480	2674	192	936	3195	4052	569	671	NA	9639	37073	12105	4200	200	10049	3905	2024	219	95	302	263	2786	3937	10992	5181	2731	16009	126679	18895	123647	825	5536	1017	1883	993	1348	890	1275	569	3963	827	1293	373	3710	2563	22870	26011	44432	129496	835	8009	17117	7665	3638	30713	6147	16745	750	NA	5583
2012	12	2009-17	322	3027	19429	22327	1723	155	587	956	2109	793	725	NA	9815	34024	9363	3800	342	7492	2364	1003	163	141	223	138	2668	1063	11186	11359	5702	9626	47695	4091	44467	2774	13817	1534	5124	3091	1266	1581	401	729	3518	915	1937	760	3586	878	14034	29066	52184	130414	469	8143	17624	7515	4871	20018	6049	9300	586	NA	21387
2013	13	2009-17	912	4992	18002	16735	1719	94	920	1135	2223	987	1484	NA	9306	26699	10934	4000	672	15255	2081	8285	545	399	240	350	4406	593	16009	6821	3445	11075	119609	28797	42953	2010	10882	854	3244	2041	1590	1863	656	957	4017	750	1269	520	2413	2459	12582	16205	68386	370267	2118	15197	18068	18194	7364	23411	9471	5836	1613	NA	20957
2014	14	2009-17	475	3357	23532	24360	1529	94	920	1691	3097	987	1484	NA	13108	28496	10308	3740	450	10914	1185	3002	653	91	192	653	4185	1689	33814	24600	7122	23884	84308	43952	44686	1608	10457	432	3901	2730	1606	614	1534	608	2782	744	1933	377	3684	1583	11400	34387	77982	299391	999	20808	17993	11452	8655	28200	8491	10418	1213	NA	20760
2015	15	2009-17	174	5697	28850	21343	2452	94	920	2623	2760	987	1484	NA	19465	41658	14500	5054	274	23061	6516	6292	310	1113	331	768	5984	3146	22834	11150	4836	29485	178204	39440	101516	1408	13315	459	3863	4087	1852	2014	2282	794	3440	1070	1795	532	5313	1841	22200	28000	88691	385774	1449	23631	17074	12678	6367	35087	20193	12409	2470	NA	18067
2016	16	2009-17	329	2574	12381	10343	1380	94	920	1463	964	987	1484	NA	10191	34153	10439	5200	622	22244	2406	10756	369	166	370	615	7787	1982	13769	8907	2180	9449	93158	6438	41327	2429	16761	861	5153	10063	NA	1287	965	900	3654	1144	2831	704	2915	926	11685	17137	79253	189358	407	8957	11628	10074	8479	30135	NA	5048	1516	NA	19450
2017	17	2009-17	1187	1740	8754	7206	1173	94	920	1203	722	987	1484	NA	4984	11920	4943	1817	267	17163	5078	1380	635	274	605	1561	10590	2108	8154	5105	1702	6459	84470	13430	29799	2851	12784	1073	6119	8357	NA	2467	NA	1146	3927	1778	1405	NA	NA	1384	13469	6244	56265	120582	921	6058	4943	6473	7364	10957	5220	4693	725	NA	20115
